5      2566.395843
6      1249.029747
7      675.802425
8      395.6579756
9      246.2546722
10      160.936659
11      109.4553159
12      76.95053437
13      55.63318734
14      41.19468662
15      31.14049211
16      23.96872625
17      18.74389651
18      14.86586149
19      11.93923633
20      9.697627968
21      7.957569245
22      6.59037654
23      5.504223422
24      4.632640679
25      3.92679245
26      3.35027855
27      2.875682821
28      2.482144088
29      2.153640415
30      1.877683676
31      1.644517003
32      1.446411177
33      1.277248401
34      1.132080208
35      1.006959605
36      0.8986552051
37      0.8045091642
38      0.7223780934
39      0.6504537675
40      0.5872598951
41      0.5315562657
42      0.4822972862
43      0.4386087849
44      0.3997643106
45      0.3651195881
46      0.3341408128
47      0.3063852194
48      0.2814515407
49      0.2590006809
50      0.2387413421
51      0.2204296284
52      0.2038407849
53      0.1887788908
54      0.175080693
55      0.1626088562
56      0.1512192614
57      0.1408183401
58      0.1312906966
59      0.1225550155
60      0.114538286
61      0.1071630179
62      0.1003696758
63      0.09410773395
64      0.08832914293
65      0.08298645927
66      0.07804115778
67      0.07345851452
68      0.06920719104
69      0.06525886863
70      0.06158792599
71      0.05817115475
72      0.05498750789
73      0.05201787705
74      0.0492490022
75      0.0466620325
76      0.04424188796
77      0.04197539121
78      0.03985051796
79      0.03786260509
80      0.03599611086
81      0.03424115054
82      0.03259248331
83      0.03104392969
84      0.0295836497
85      0.02820909291
86      0.02691474398
87      0.02569056036
88      0.02453902647
89      0.02344902164
90      0.0224192293
91      0.0214461108
92      0.02052335653
93      0.01965226584
94      0.01882386074
95      0.01804199753
96      0.01729696051
97      0.01659327009
98      0.01592207238
99      0.01528698507
100      0.01468133664
101      0.01410654951
102      0.01355922007
103      0.01303751364
104      0.01254218196
105      0.01206756443
106      0.0116183926
107      0.01118792504
108      0.01077749526
109      0.01038659257
110      0.01001130047
111      0.009655026734
112      0.009313569586
113      0.008985714612
114      0.008674723045
115      0.008375602913
116      0.008088525257
117      0.007815634275
118      0.007552898456
119      0.007300299054
120      0.007060230571
121      0.006828874033
122      0.006605861323
123      0.006393788259
124      0.006189586482
125      0.00599256944
126      0.005803896092
127      0.005623270208
128      0.005448845965
129      0.005280375401
130      0.00511996364
131      0.00496523605
132      0.004815663953
133      0.004671205625
134      0.004533701529
135      0.004400670754
136      0.004271943664
137      0.00414738807
138      0.004028877287
139      0.003914110868
140      0.003802950843
141      0.003695265197
142      0.003592238187
143      0.00349291716
144      0.003396628897
145      0.003303265439
146      0.003212911517
147      0.003126709278
148      0.003043065644
149      0.002961892016
150      0.002883103356
151      0.002806923425
152      0.002734075551
153      0.002663319625
154      0.002594585545
155      0.002527805947
156      0.002462916091
157      0.002401053003
158      0.00234095399
159      0.002282517598
160      0.002225690179
161      0.002170420106
162      0.002117024618
163      0.002065787183
164      0.002015922706
165      0.001967388238
166      0.001920142375
167      0.001874145259
168      0.001829625322
169      0.001786933914
170      0.001745345999
171      0.001704828257
172      0.001665348544
173      0.001626875848
174      0.001589380252
175      0.001553439484
176      0.001518591147
177      0.001484608481
178      0.001451466364
179      0.001419140521
180      0.001387607521
181      0.001356844703
182      0.001327306607
183      0.001298685864
184      0.001270748955
185      0.001243476767
186      0.001216850851
187      0.001190853323
188      0.001165466907
189      0.001140693857
190      0.00111705832
191      0.001093966323
192      0.001071403247
193      0.001049354931
194      0.001027807655
195      0.001006748142
196      0.0009861635153
197      0.0009660412907
198      0.0009467070449
199      0.0009279503756
200      0.0009096059293
201      0.0008916631123
202      0.0008741116471
203      0.0008569415659
204      0.0008401431987
205      0.000823707167
206      0.0008076243503
207      0.0007921196811
208      0.0007771168748
209      0.0007624295176
210      0.0007480498571
211      0.000733970337
212      0.0007201836524
213      0.0007066826911
214      0.0006934605335
215      0.0006805104749
216      0.0006678259888
217      0.0006555913424
218      0.0006437504526
219      0.0006321471301
220      0.0006207757979
221      0.0006096310281
222      0.0005987075347
223      0.0005880001954
224      0.0005775040227
225      0.0005672141342
226      0.0005571258298
227      0.0005472344892
228      0.0005376822337
229      0.0005284436338
230      0.0005193814977
231      0.000510491871
232      0.0005017709118
233      0.0004932148731
234      0.0004848201206
235      0.000476583089
236      0.000468500326
237      0.0004605684553
238      0.0004527842066
239      0.0004451443638
240      0.0004377135192
241      0.000430575481
242      0.0004235669621
243      0.0004166852159
244      0.0004099275648
245      0.0004032913712
246      0.0003967740959
247      0.0003903732395
248      0.0003840863792
249      0.0003779111357
250      0.0003718452062
251      0.0003658863279
252      0.0003600323034
253      0.0003542809791
254      0.0003487518006
255      0.0003433762831
256      0.000338092992
257      0.0003329000647
258      0.0003277956894
259      0.0003227781053
260      0.0003178455809
261      0.0003129964316
262      0.0003082290059
263      0.000303541703
264      0.0002989329441
265      0.0002944012012
266      0.0002899449573
267      0.0002855627608
268      0.0002812531784
269      0.0002770715837
270      0.000273043901
271      0.0002690814581
272      0.0002651830146
273      0.0002613473589
274      0.0002575733124
275      0.0002538597109
276      0.0002502054194
277      0.000246609332
278      0.000243070368
279      0.0002395874617
280      0.0002361595798
281      0.000232785711
282      0.0002294648511
283      0.0002261960399
284      0.000222978324
285      0.0002198107686
286      0.0002167090133
287      0.0002137495867
288      0.0002108352419
289      0.0002079651749
290      0.0002051385927
291      0.0002023547349
292      0.0001996128412
293      0.0001969121586
294      0.0001942519666
295      0.0001916315705
296      0.0001890502535
297      0.00018650735
298      0.0001840021796
299      0.0001815340984
300      0.0001791024588
301      0.0001767066351
302      0.0001743460125
303      0.0001720199907
304      0.0001697279731
305      0.0001674693849
306      0.0001652880674
307      0.0001631787709
308      0.0001610995168
309      0.0001590498105
310      0.0001570291497
311      0.0001550370544
312      0.0001530730551
313      0.0001511366863
314      0.0001492274932
315      0.0001473450211
316      0.0001454888443
317      0.0001436585226
318      0.0001418536413
319      0.0001400737892
320      0.0001383185518
321      0.0001365875396
322      0.0001348803598
323      0.0001331966305
324      0.0001315359768
325      0.0001298980242
326      0.0001282824196
327      0.0001266887994
328      0.0001251168251
329      0.0001236290627
330      0.0001221621351
331      0.0001207146488
332      0.0001192862983
333      0.0001178767889
334      0.0001164858295
335      0.0001151131291
336      0.0001137584186
337      0.0001124214068
338      0.0001111018319
339      0.0001097994245
340      0.0001085139265
341      0.0001072450796
342      0.0001059926217
343      0.0001047563201
344      0.000103535931
345      0.0001023311997
346      0.0001011419081
347      9.996781591e-05
348      9.880869402e-05
349      9.766433504e-05
350      9.653450616e-05
351      9.541898908e-05
352      9.431758735e-05
353      9.323008999e-05
354      9.21562787e-05
355      9.113559281e-05
356      9.013497038e-05
357      8.91466334e-05
358      8.817041089e-05
359      8.720611731e-05
360      8.625359987e-05
361      8.53126694e-05
362      8.438316581e-05
363      8.346493996e-05
364      8.255781358e-05
365      8.166163752e-05
366      8.077626262e-05
367      7.990152153e-05
368      7.903727237e-05
369      7.818337326e-05
370      7.733967141e-05
371      7.65060322e-05
372      7.568230649e-05
373      7.486835966e-05
374      7.406405712e-05
375      7.326926789e-05
376      7.248385737e-05
377      7.170770186e-05
378      7.09406595e-05
379      7.018262113e-05
380      6.943345943e-05
381      6.869304707e-05
382      6.796127491e-05
383      6.723802289e-05
384      6.652316733e-05
385      6.582170317e-05
386      6.515701534e-05
387      6.449984357e-05
388      6.385009692e-05
389      6.320767352e-05
390      6.257247514e-05
391      6.194441085e-05
392      6.13233824e-05
393      6.070929521e-05
394      6.010206198e-05
395      5.950158811e-05
396      5.890779357e-05
397      5.832058378e-05
398      5.773987505e-05
399      5.716558735e-05
400      5.659762974e-05
401      5.603592581e-05
402      5.548039553e-05
403      5.493095523e-05
404      5.438753215e-05
405      5.38500426e-05
406      5.331841385e-05
407      5.279257311e-05
408      5.227244765e-05
409      5.175796105e-05
410      5.124904783e-05
411      5.07456316e-05
412      5.024764323e-05
413      4.975501724e-05
414      4.926768088e-05
415      4.878557593e-05
416      4.830863691e-05
417      4.783679469e-05
418      4.736998744e-05
419      4.690814967e-05
420      4.645122317e-05
421      4.59991461e-05
422      4.556628119e-05
423      4.514701868e-05
424      4.473208901e-05
425      4.432142669e-05
426      4.391499169e-05
427      4.351272946e-05
428      4.31145927e-05
429      4.27205232e-05
430      4.233048458e-05
431      4.194441499e-05
432      4.156227442e-05
433      4.11840083e-05
434      4.080958752e-05
435      4.043895024e-05
436      4.007205644e-05
437      3.970886246e-05
438      3.934932101e-05
439      3.899339572e-05
440      3.864104292e-05
441      3.829221532e-05
442      3.794687291e-05
443      3.76049793e-05
444      3.726649084e-05
445      3.693137114e-05
446      3.659957292e-05
447      3.627106707e-05
448      3.59458063e-05
449      3.562376151e-05
450      3.53048963e-05
451      3.498915976e-05
452      3.467653733e-05
453      3.436697807e-05
454      3.406044561e-05
455      3.375691813e-05
456      3.345634832e-05
457      3.315871436e-05
458      3.286397623e-05
459      3.257210119e-05
460      3.228305286e-05
461      3.199680941e-05
462      3.171333083e-05
463      3.143259164e-05
464      3.115455911e-05
465      3.087919686e-05
466      3.061248935e-05
467      3.035808186e-05
468      3.010604996e-05
469      2.985637184e-05
470      2.960901838e-05
471      2.936396049e-05
472      2.912117998e-05
473      2.888064409e-05
474      2.864233829e-05
475      2.840623347e-05
476      2.817230052e-05
477      2.794052853e-05
478      2.771088111e-05
479      2.748334373e-05
480      2.725788363e-05
481      2.703449354e-05
482      2.681313345e-05
483      2.659379606e-05
484      2.63764523e-05
485      2.616109123e-05
486      2.594767648e-05
487      2.573619349e-05
488      2.552662772e-05
489      2.531895007e-05
490      2.51131496e-05
491      2.490920087e-05
492      2.470707841e-05
493      2.450677857e-05
494      2.430826498e-05
495      2.411153037e-05
496      2.391655653e-05
497      2.372331073e-05
498      2.353179298e-05
499      2.334198143e-05
500      2.315385427e-05
501      2.296738967e-05
502      2.278257671e-05
503      2.259940084e-05
504      2.241783659e-05
505      2.223787669e-05
506      2.205949932e-05
507      2.188268627e-05
508      2.170742664e-05
509      2.15336986e-05
510      2.136149487e-05
511      2.119079727e-05
512      2.102158396e-05
513      2.08538404e-05
514      2.068756658e-05
515      2.052272976e-05
516      2.035931902e-05
517      2.019733074e-05
518      2.003673944e-05
519      1.987754149e-05
520      1.971971142e-05
521      1.957068525e-05
522      1.942559174e-05
523      1.928170241e-05
524      1.913902088e-05
525      1.899752169e-05
526      1.885720121e-05
527      1.871804488e-05
528      1.858004543e-05
529      1.844318103e-05
530      1.830745168e-05
531      1.817284647e-05
532      1.803934356e-05
533      1.790694296e-05
534      1.777562647e-05
535      1.764539411e-05
536      1.75162204e-05
537      1.738810533e-05
538      1.726103801e-05
539      1.713501115e-05
540      1.701000292e-05
541      1.688601697e-05
542      1.676303509e-05
543      1.664105002e-05
544      1.652005813e-05
545      1.640003757e-05
546      1.628099199e-05
547      1.616290319e-05
548      1.604576755e-05
549      1.592956687e-05
550      1.581430479e-05
551      1.569997039e-05
552      1.558654549e-05
553      1.547403008e-05
554      1.536241325e-05
555      1.525168045e-05
556      1.514183896e-05
557      1.50328633e-05
558      1.492475712e-05
559      1.481750951e-05
560      1.471111318e-05
561      1.460555359e-05
562      1.450082709e-05
563      1.439693006e-05
564      1.429385156e-05
565      1.419158434e-05
566      1.409011747e-05
567      1.398944733e-05
568      1.388956662e-05
569      1.379046807e-05
570      1.369214806e-05
571      1.359459202e-05
572      1.349779268e-05
573      1.340175004e-05
574      1.330645682e-05
575      1.321190211e-05
576      1.311808228e-05
577      1.30249864e-05
578      1.293261084e-05
579      1.284095197e-05
580      1.274999158e-05
581      1.265974061e-05
582      1.257018448e-05
583      1.24813123e-05
584      1.239312405e-05
585      1.230561611e-05
586      1.221877392e-05
587      1.213259748e-05
588      1.204707951e-05
589      1.196221274e-05
590      1.188113674e-05
591      1.180366235e-05
592      1.172675911e-05
593      1.165042704e-05
594      1.157465158e-05
595      1.149942909e-05
596      1.142475958e-05
597      1.135063576e-05
598      1.127705764e-05
599      1.120401066e-05
600      1.113150211e-05
601      1.105951742e-05
602      1.09880566e-05
603      1.091711238e-05
604      1.084668838e-05
605      1.077676643e-05
606      1.070735379e-05
607      1.063844684e-05
608      1.057002737e-05
609      1.050210994e-05
610      1.043468001e-05
611      1.036773028e-05
612      1.030126077e-05
613      1.023527147e-05
614      1.016974784e-05
615      1.010469714e-05
616      1.00401121e-05
617      9.975989087e-06
618      9.91232082e-06
619      9.849103662e-06
620      9.786333976e-06
621      9.724011761e-06
622      9.662129742e-06
623      9.600687918e-06
624      9.539679013e-06
625      9.47909939e-06
626      9.418952686e-06
627      9.35922435e-06
628      9.29991802e-06
629      9.241022781e-06
630      9.182545909e-06
631      9.124483768e-06
632      9.066821804e-06
633      9.009563655e-06
634      8.952702046e-06
635      8.896240615e-06
636      8.840175724e-06
637      8.784496458e-06
638      8.729202818e-06
639      8.674298442e-06
640      8.619768778e-06
641      8.565621101e-06
642      8.511844499e-06
643      8.458442608e-06
644      8.405404515e-06
645      8.352737495e-06
646      8.300430636e-06
647      8.248483937e-06
648      8.196893759e-06
649      8.145656466e-06
650      8.094775694e-06
651      8.044236893e-06
652      7.994043699e-06
653      7.944196113e-06
654      7.894683222e-06
655      7.8455123e-06
656      7.796676073e-06
657      7.748170901e-06
658      7.700000424e-06
659      7.652150089e-06
660      7.604623534e-06
661      7.557420759e-06
662      7.510541764e-06
663      7.463971997e-06
664      7.417722372e-06
665      7.3717747e-06
666      7.32614717e-06
667      7.280817954e-06
668      7.235801604e-06
669      7.191083569e-06
670      7.146663847e-06
671      7.10254244e-06
672      7.05871571e-06
673      7.015180017e-06
674      6.971942639e-06
675      6.928985385e-06
676      6.886315532e-06
677      6.843929441e-06
678      6.80183075e-06
679      6.760004908e-06
680      6.718462828e-06
681      6.680555089e-06
682      6.642996595e-06
683      6.605667295e-06
684      6.568581739e-06
685      6.531729014e-06
686      6.495109119e-06
687      6.458722055e-06
688      6.422567822e-06
689      6.386642781e-06
690      6.350943295e-06
691      6.315473001e-06
692      6.280220987e-06
693      6.245190889e-06
694      6.210382708e-06
695      6.175796443e-06
696      6.141421181e-06
697      6.107267836e-06
698      6.073325494e-06
699      6.039594155e-06
700      6.006073818e-06
701      5.972768122e-06
702      5.939666153e-06
703      5.90676791e-06
704      5.874077033e-06
705      5.841586244e-06
706      5.809299182e-06
707      5.777215847e-06
708      5.745328963e-06
709      5.713634891e-06
710      5.682140909e-06
711      5.650839739e-06
712      5.619731382e-06
713      5.588815839e-06
714      5.55808947e-06
715      5.527555913e-06
716      5.497204256e-06
717      5.467041774e-06
718      5.437064829e-06
719      5.407266144e-06
720      5.377656635e-06
721      5.348221748e-06
722      5.318968761e-06
723      5.289897672e-06
724      5.261001206e-06
725      5.232279364e-06
726      5.203732144e-06
727      5.175355909e-06
728      5.147150659e-06
729      5.119123671e-06
730      5.091260391e-06
731      5.063564458e-06
732      5.036039511e-06
733      5.00868191e-06
734      4.981480743e-06
735      4.954454198e-06
736      4.927584087e-06
737      4.900874046e-06
738      4.874327715e-06
739      4.847934179e-06
740      4.821704351e-06
741      4.795630957e-06
742      4.769710358e-06
743      4.743946192e-06
744      4.718338459e-06
745      4.692879884e-06
746      4.667574103e-06
747      4.64241748e-06
748      4.617406375e-06
749      4.592551704e-06
750      4.567838914e-06
751      4.543275281e-06
752      4.51885353e-06
753      4.494580935e-06
754      4.470446584e-06
755      4.446454113e-06
756      4.422607162e-06
757      4.398898454e-06
758      4.375331628e-06
759      4.351899406e-06
760      4.328605428e-06
761      4.305453331e-06
762      4.282428563e-06
763      4.259542038e-06
764      4.236790119e-06
765      4.214169167e-06
766      4.19168282e-06
767      4.169323802e-06
768      4.147095751e-06
769      4.124998668e-06
770      4.103028914e-06
771      4.081186489e-06
772      4.059475032e-06
773      4.037883627e-06
774      4.016419552e-06
775      3.995079169e-06
776      3.973862476e-06
777      3.952769475e-06
778      3.931796527e-06
779      3.910943633e-06
780      3.890207154e-06
781      3.869598004e-06
782      3.849101631e-06
783      3.82872895e-06
784      3.808465408e-06
785      3.788321919e-06
786      3.768294846e-06
787      3.748384188e-06
788      3.728582669e-06
789      3.708893928e-06
790      3.689317964e-06
791      3.669854777e-06
792      3.65050073e-06
793      3.63125946e-06
794      3.61212733e-06
795      3.593100701e-06
796      3.574183211e-06
797      3.55537486e-06
798      3.536675649e-06
799      3.518074664e-06
800      3.499586455e-06
801      3.481196472e-06
802      3.462911991e-06
803      3.444733011e-06
804      3.427499905e-06
805      3.41129271e-06
806      3.395172826e-06
807      3.379136615e-06
808      3.363191354e-06
809      3.347329766e-06
810      3.331551852e-06
811      3.31586125e-06
812      3.300250683e-06
813      3.284731065e-06
814      3.269284207e-06
815      3.253928298e-06
816      3.238648787e-06
817      3.223456588e-06
818      3.208337148e-06
819      3.193308658e-06
820      3.178349289e-06
821      3.163473593e-06
822      3.148677933e-06
823      3.133958671e-06
824      3.119319445e-06
825      3.104752977e-06
826      3.090266546e-06
827      3.07586015e-06
828      3.061522875e-06
829      3.047265636e-06
830      3.033084795e-06
831      3.018973075e-06
832      3.004934115e-06
833      2.99097519e-06
834      2.977089025e-06
835      2.96327562e-06
836      2.949527698e-06
837      2.935856173e-06
838      2.922257408e-06
839      2.908724127e-06
840      2.895267244e-06
841      2.881879482e-06
842      2.868560841e-06
843      2.85531496e-06
844      2.842130925e-06
845      2.82901965e-06
846      2.815973858e-06
847      2.802997187e-06
848      2.790086e-06
849      2.777243935e-06
850      2.764463716e-06
851      2.751752618e-06
852      2.739103365e-06
853      2.726526873e-06
854      2.714008588e-06
855      2.701559424e-06
856      2.689168468e-06
857      2.676842996e-06
858      2.664586646e-06
859      2.652384865e-06
860      2.640248567e-06
861      2.628174116e-06
862      2.61616151e-06
863      2.604210749e-06
864      2.592318197e-06
865      2.580487489e-06
866      2.568718628e-06
867      2.557007974e-06
868      2.545362804e-06
869      2.533768566e-06
870      2.522236173e-06
871      2.510761988e-06
872      2.49934601e-06
873      2.48798824e-06
874      2.47668504e-06
875      2.465440048e-06
876      2.454256901e-06
877      2.443121048e-06
878      2.432050678e-06
879      2.421027602e-06
880      2.410062734e-06
881      2.399156074e-06
882      2.388300345e-06
883      2.377499186e-06
884      2.366756235e-06
885      2.356064215e-06
886      2.345423127e-06
887      2.334836608e-06
888      2.324308298e-06
889      2.313830919e-06
890      2.303397196e-06
891      2.293025318e-06
892      2.282700734e-06
893      2.272427082e-06
894      2.262197086e-06
895      2.252028935e-06
896      2.241908078e-06
897      2.231834515e-06
898      2.221811883e-06
899      2.211843821e-06
900      2.201919415e-06
901      2.192049578e-06
902      2.182223398e-06
903      2.172448148e-06
904      2.162720193e-06
905      2.153035894e-06
906      2.143402526e-06
907      2.13382009e-06
908      2.124281309e-06
909      2.114789822e-06
910      2.105345629e-06
911      2.095945092e-06
912      2.086591849e-06
913      2.077282261e-06
914      2.068023605e-06
915      2.058804967e-06
916      2.049633622e-06
917      2.040505933e-06
918      2.031425538e-06
919      2.022381523e-06
920      2.013388439e-06
921      2.004442649e-06
922      1.995533239e-06
923      1.986667485e-06
924      1.977845386e-06
925      1.969070581e-06
926      1.960332156e-06
927      1.951637387e-06
928      1.942982635e-06
929      1.934371539e-06
930      1.925807737e-06
931      1.917276677e-06
932      1.90879291e-06
933      1.900345524e-06
934      1.891938155e-06
935      1.883574441e-06
936      1.875250746e-06
937      1.866967068e-06
938      1.85871977e-06
939      1.85051249e-06
940      1.842345227e-06
941      1.834221621e-06
942      1.826130756e-06
943      1.818083547e-06
944      1.81006908e-06
945      1.80209463e-06
946      1.794160198e-06
947      1.786262146e-06
948      1.778404112e-06
949      1.770586096e-06
950      1.762797183e-06
951      1.755048288e-06
952      1.747332135e-06
953      1.739659638e-06
954      1.732019882e-06
955      1.724420144e-06
956      1.716849511e-06
957      1.709318894e-06
958      1.70182102e-06
959      1.694359526e-06
960      1.686934411e-06
961      1.679545676e-06
962      1.672186045e-06
963      1.664870069e-06
964      1.657583198e-06
965      1.650332706e-06
966      1.643111318e-06
967      1.63592631e-06
968      1.628774044e-06
969      1.621658157e-06
970      1.614575012e-06
971      1.607520971e-06
972      1.60050331e-06
973      1.593522029e-06
974      1.586566214e-06
975      1.579646778e-06
976      1.572760084e-06
977      1.565898856e-06
978      1.559077646e-06
979      1.552285539e-06
980      1.545526175e-06
981      1.538795914e-06
982      1.532112947e-06
983      1.526241249e-06
984      1.520398655e-06
985      1.514574251e-06
986      1.508778951e-06
987      1.503009116e-06
988      1.49726111e-06
989      1.491542207e-06
990      1.485852408e-06
991      1.480180799e-06
992      1.474534656e-06
993      1.468917617e-06
994      1.463322405e-06
995      1.457749022e-06
996      1.452197466e-06
997      1.446675014e-06
998      1.441178028e-06
999      1.435699232e-06
