5      4275.219809
6      3115.023092
7      2348.144409
8      1822.665094
9      1450.328671
10      1178.525524
11      974.8723692
12      818.7873123
13      696.7718649
14      599.7301583
15      521.369563
16      457.2412192
17      404.1302333
18      359.6746868
19      322.1059938
20      290.0831432
21      262.5734337
22      238.7725577
23      218.0470483
24      199.8910429
25      183.9002988
26      169.7435393
27      157.1542199
28      145.9075172
29      135.8219894
30      126.7441576
31      118.5415388
32      111.1086523
33      104.3511723
34      98.19067427
35      92.55711202
36      87.39326327
37      82.64926494
38      78.28093155
39      74.24932328
40      70.51913389
41      67.06415383
42      63.85504533
43      60.87044909
44      58.0908245
45      55.49659691
46      53.07163526
47      50.80252219
48      48.67616603
49      46.67964381
50      44.80243721
51      43.03795027
52      41.37330716
53      39.80561999
54      38.32377542
55      36.92298165
56      35.59869957
57      34.34359721
58      33.15319107
59      32.02332105
60      30.95084632
61      29.93154762
62      28.96158029
63      28.03784376
64      27.15744376
65      26.31767553
66      25.51600853
67      24.75132428
68      24.02050563
69      23.32140178
70      22.65204185
71      22.01057179
72      21.39589356
73      20.80799573
74      20.24328871
75      19.70029814
76      19.17994424
77      18.68009569
78      18.19821978
79      17.73602781
80      17.2909788
81      16.86112794
82      16.44934065
83      16.05052854
84      15.66740384
85      15.29700434
86      14.93985084
87      14.59510949
88      14.26187876
89      13.94029609
90      13.62913934
91      13.32844138
92      13.03768689
93      12.75579932
94      12.48393274
95      12.21895837
96      11.9646056
97      11.71615697
98      11.47671662
99      11.24403757
100      11.0175288
101      10.79952703
102      10.58633646
103      10.38020894
104      10.18030306
105      9.984685318
106      9.796360784
107      9.612802411
108      9.433072845
109      9.260258251
110      9.09150673
111      8.926179401
112      8.766826654
113      8.611520497
114      8.459281087
115      8.311552925
116      8.168485732
117      8.028168652
118      7.890531334
119      7.758509638
120      7.629078619
121      7.502054924
122      7.378102968
123      7.258634538
124      7.141330677
125      7.026139125
126      6.913796663
127      6.805413793
128      6.698932782
129      6.594309144
130      6.491641317
131      6.393177315
132      6.296387519
133      6.201233951
134      6.107679769
135      6.016966504
136      5.928882631
137      5.842242469
138      5.757014457
139      5.67316795
140      5.592186257
141      5.513223148
142      5.435508505
143      5.359015994
144      5.283720017
145      5.210540235
146      5.139625696
147      5.069793417
148      5.001021346
149      4.933288024
150      4.866572565
151      4.80243845
152      4.739595594
153      4.677674339
154      4.61665664
155      4.556524918
156      4.49726205
157      4.440152642
158      4.384334116
159      4.329302833
160      4.275043958
161      4.221543028
162      4.168785937
163      4.116956341
164      4.067281323
165      4.018280548
166      3.969941774
167      3.922253051
168      3.875202713
169      3.828779376
170      3.782971921
171      3.739156854
172      3.696027989
173      3.653457791
174      3.611436582
175      3.569954909
176      3.529003531
177      3.488573419
178      3.448732989
179      3.41069075
180      3.373121367
181      3.336016966
182      3.299369848
183      3.263172484
184      3.227417506
185      3.19209771
186      3.157206045
187      3.123264404
188      3.090448808
189      3.05802166
190      3.025976798
191      2.994308192
192      2.963009938
193      2.932076253
194      2.901501477
195      2.871280063
196      2.84140658
197      2.812895418
198      2.784816972
199      2.757054197
200      2.729602339
201      2.702456739
202      2.675612828
203      2.649066131
204      2.622812257
205      2.596846904
206      2.571165854
207      2.54612492
208      2.522012715
209      2.498158313
210      2.474558018
211      2.451208201
212      2.428105305
213      2.405245836
214      2.38262637
215      2.360243545
216      2.338094059
217      2.316174676
218      2.294482215
219      2.273558497
220      2.253214237
221      2.233075611
222      2.213139827
223      2.193404148
224      2.173865883
225      2.15452239
226      2.135371073
227      2.116409383
228      2.097634815
229      2.079044909
230      2.060637248
231      2.042409455
232      2.024697196
233      2.007628019
234      1.990721649
235      1.973976002
236      1.957389027
237      1.940958707
238      1.924683061
239      1.90856014
240      1.892588029
241      1.876764843
242      1.86108873
243      1.845557867
244      1.830170462
245      1.814924752
246      1.799819004
247      1.78523397
248      1.771113649
249      1.757119821
250      1.743250961
251      1.729505571
252      1.715882176
253      1.702379325
254      1.688995588
255      1.67572956
256      1.662579856
257      1.649545114
258      1.636623993
259      1.623815173
260      1.611117352
261      1.598529251
262      1.58604961
263      1.573677186
264      1.561785494
265      1.550245735
266      1.538802673
267      1.52745522
268      1.516202301
269      1.505042859
270      1.493975852
271      1.483000252
272      1.472115049
273      1.461319246
274      1.450611862
275      1.439991927
276      1.42945849
277      1.419010609
278      1.408647359
279      1.398367827
280      1.388171114
281      1.378056331
282      1.368022605
283      1.35815124
284      1.348819035
285      1.339559728
286      1.330372554
287      1.321256756
288      1.312211587
289      1.303236313
290      1.294330208
291      1.285492558
292      1.276722656
293      1.268019806
294      1.259383324
295      1.25081253
296      1.242306759
297      1.233865351
298      1.225487655
299      1.217173032
300      1.208920848
301      1.20073048
302      1.19260131
303      1.184532733
304      1.176524147
305      1.168574961
306      1.160960093
307      1.153590839
308      1.146274818
309      1.139011513
310      1.131800413
311      1.124641012
312      1.117532811
313      1.110475319
314      1.10346805
315      1.096510523
316      1.089602266
317      1.082742811
318      1.075931696
319      1.069168465
320      1.062452668
321      1.055783861
322      1.049161604
323      1.042585464
324      1.036055013
325      1.029569827
326      1.02312949
327      1.016733588
328      1.010381714
329      1.004073466
330      0.9978084453
331      0.9915862595
332      0.9854476849
333      0.9797037501
334      0.9739980259
335      0.9683301692
336      0.9626998409
337      0.9571067061
338      0.9515504337
339      0.9460306968
340      0.940547172
341      0.9350995399
342      0.9296874849
343      0.9243106949
344      0.9189688616
345      0.9136616803
346      0.9083888496
347      0.9031500719
348      0.8979450528
349      0.8927735014
350      0.88763513
351      0.8825296544
352      0.8774567934
353      0.8724162691
354      0.8674078069
355      0.862431135
356      0.857485985
357      0.8525720911
358      0.8476891909
359      0.8428370247
360      0.8380153357
361      0.83322387
362      0.8284623766
363      0.8237306069
364      0.8192151458
365      0.8148691864
366      0.810549586
367      0.8062561288
368      0.801988601
369      0.7977467914
370      0.7935304908
371      0.7893394926
372      0.7851735921
373      0.7810325871
374      0.7769162772
375      0.7728244645
376      0.7687569531
377      0.7647135491
378      0.7606940607
379      0.7566982981
380      0.7527260736
381      0.7487772014
382      0.7448514977
383      0.7409487805
384      0.7370688699
385      0.7332115876
386      0.7293767575
387      0.7255642051
388      0.7217737577
389      0.7180052444
390      0.7142584961
391      0.7105333454
392      0.7068296266
393      0.7031471759
394      0.6994858307
395      0.6958454306
396      0.6922258164
397      0.6886268306
398      0.6850483176
399      0.6814901228
400      0.6779520938
401      0.6744340791
402      0.6710395072
403      0.6678293362
404      0.6646367779
405      0.6614617016
406      0.6583039777
407      0.6551634782
408      0.6520400759
409      0.6489336453
410      0.6458440619
411      0.6427712025
412      0.6397149449
413      0.6366751684
414      0.6336517532
415      0.6306445808
416      0.6276535338
417      0.6246784959
418      0.621719352
419      0.6187759881
420      0.6158482911
421      0.6129361492
422      0.6100394516
423      0.6071580885
424      0.6042919511
425      0.6014409318
426      0.5986049238
427      0.5957838214
428      0.5929775201
429      0.5901859159
430      0.5874089062
431      0.5846463892
432      0.581898264
433      0.5791644306
434      0.5764447902
435      0.5737392445
436      0.5710476964
437      0.5683700496
438      0.5657062087
439      0.5630560791
440      0.5604195672
441      0.5577965801
442      0.5551870258
443      0.5525908132
444      0.550007852
445      0.5474380525
446      0.5448813262
447      0.5423375851
448      0.539806742
449      0.5373326445
450      0.5350424117
451      0.5327634155
452      0.5304955812
453      0.5282388348
454      0.5259931028
455      0.5237583125
456      0.5215343917
457      0.5193212689
458      0.5171188733
459      0.5149271346
460      0.5127459831
461      0.5105753498
462      0.5084151664
463      0.5062653648
464      0.504125878
465      0.5019966391
466      0.4998775821
467      0.4977686415
468      0.4956697523
469      0.49358085
470      0.4915018708
471      0.4894327513
472      0.4873734288
473      0.485323841
474      0.4832839262
475      0.4812536231
476      0.4792328711
477      0.4772216099
478      0.47521978
479      0.473227322
480      0.4712441774
481      0.4692702878
482      0.4673055957
483      0.4653500438
484      0.4634035752
485      0.4614661337
486      0.4595376636
487      0.4576181093
488      0.455707416
489      0.4538055293
490      0.451912395
491      0.4500279597
492      0.4481521701
493      0.4462849737
494      0.444426318
495      0.4425761512
496      0.4407344219
497      0.4389010791
498      0.4370760721
499      0.4352593508
500      0.4334508653
501      0.4316505662
502      0.4298584045
503      0.4280743316
504      0.4262982992
505      0.4245302596
506      0.4227701651
507      0.4210179688
508      0.4192736238
509      0.4176072998
510      0.4160457476
511      0.4144909445
512      0.4129428511
513      0.4114014279
514      0.409866636
515      0.4083384367
516      0.4068167915
517      0.4053016624
518      0.4037930116
519      0.4022908015
520      0.4007949949
521      0.399305555
522      0.3978224449
523      0.3963456284
524      0.3948750694
525      0.393410732
526      0.3919525807
527      0.3905005802
528      0.3890546955
529      0.3876148919
530      0.3861811348
531      0.3847533901
532      0.3833316238
533      0.3819158022
534      0.3805058918
535      0.3791018594
536      0.3777036721
537      0.3763112971
538      0.374924702
539      0.3735438546
540      0.3721687228
541      0.370799275
542      0.3694354795
543      0.3680773052
544      0.366724721
545      0.365377696
546      0.3640361996
547      0.3627002016
548      0.3613696716
549      0.3600445799
550      0.3587248966
551      0.3574105923
552      0.3561016376
553      0.3547980037
554      0.3534996614
555      0.3522065823
556      0.3509187379
557      0.3496360999
558      0.3483586402
559      0.3470863311
560      0.345819145
561      0.3445570542
562      0.3433000317
563      0.3420480504
564      0.3408010834
565      0.339559104
566      0.3383220858
567      0.3370900025
568      0.3358628279
569      0.3346405361
570      0.3334231015
571      0.3322104983
572      0.3310027014
573      0.3297996853
574      0.3286014252
575      0.3274078962
576      0.3262190735
577      0.3250349327
578      0.3238554495
579      0.3226805996
580      0.321510359
581      0.320344704
582      0.3191836108
583      0.318027056
584      0.3168750161
585      0.315727468
586      0.3145843886
587      0.3134700805
588      0.3124615965
589      0.3114568845
590      0.3104559252
591      0.3094586995
592      0.3084651885
593      0.3074753733
594      0.3064892354
595      0.305506756
596      0.3045279168
597      0.3035526994
598      0.3025810857
599      0.3016130575
600      0.3006485969
601      0.2996876861
602      0.2987303073
603      0.297776443
604      0.2968260756
605      0.2958791878
606      0.2949357624
607      0.2939957822
608      0.2930592301
609      0.2921260894
610      0.2911963431
611      0.2902699745
612      0.2893469672
613      0.2884273045
614      0.2875109702
615      0.286597948
616      0.2856882217
617      0.2847817753
618      0.2838785928
619      0.2829786584
620      0.2820819564
621      0.281188471
622      0.2802981869
623      0.2794110885
624      0.2785271604
625      0.2776463875
626      0.2767687547
627      0.2758942468
628      0.2750228489
629      0.2741545461
630      0.2732893238
631      0.2724271672
632      0.2715680617
633      0.2707119929
634      0.2698589464
635      0.2690089078
636      0.2681618631
637      0.267317798
638      0.2664766985
639      0.2656385506
640      0.2648033406
641      0.2639710547
642      0.2631416791
643      0.2623152003
644      0.2614916047
645      0.260670879
646      0.2598530097
647      0.2590379836
648      0.2582257876
649      0.2574164085
650      0.2566098333
651      0.255806049
652      0.2550050429
653      0.2542068021
654      0.2534113139
655      0.2526185657
656      0.251828545
657      0.2510412392
658      0.250256636
659      0.2494747231
660      0.2486954882
661      0.2479189191
662      0.2471450038
663      0.2463737302
664      0.2456050863
665      0.2448390603
666      0.2440756404
667      0.2433148149
668      0.242556572
669      0.2418009001
670      0.2410477878
671      0.2402972236
672      0.2395491961
673      0.238803694
674      0.2380607059
675      0.2373202208
676      0.2365822275
677      0.2358467149
678      0.2351136721
679      0.2343830881
680      0.233654952
681      0.2329292531
682      0.2322059807
683      0.2314851239
684      0.2307666724
685      0.2300506154
686      0.2293369425
687      0.2286256433
688      0.2279167074
689      0.2272101245
690      0.2265058844
691      0.2258039768
692      0.2251043918
693      0.2244071191
694      0.2237506855
695      0.2231478545
696      0.2225469256
697      0.2219478906
698      0.2213507414
699      0.2207554698
700      0.2201620678
701      0.2195705274
702      0.2189808406
703      0.2183929995
704      0.2178069962
705      0.2172228229
706      0.2166404718
707      0.2160599352
708      0.2154812053
709      0.2149042745
710      0.2143291352
711      0.2137557798
712      0.2131842009
713      0.2126143908
714      0.2120463422
715      0.2114800477
716      0.2109154999
717      0.2103526915
718      0.2097916151
719      0.2092322637
720      0.20867463
721      0.2081187067
722      0.2075644869
723      0.2070119634
724      0.2064611292
725      0.2059119773
726      0.2053645007
727      0.2048186925
728      0.2042745459
729      0.2037320539
730      0.2031912098
731      0.2026520068
732      0.2021144382
733      0.2015784972
734      0.2010441772
735      0.2005114716
736      0.1999803738
737      0.1994508772
738      0.1989229754
739      0.1983966617
740      0.1978719299
741      0.1973487735
742      0.196827186
743      0.1963071612
744      0.1957886928
745      0.1952717744
746      0.1947563999
747      0.1942425629
748      0.1937302575
749      0.1932194773
750      0.1927102163
751      0.1922024685
752      0.1916962277
753      0.191191488
754      0.1906882434
755      0.1901864879
756      0.1896862156
757      0.1891874207
758      0.1886900972
759      0.1881942394
760      0.1876998415
761      0.1872068976
762      0.1867154021
763      0.1862253493
764      0.1857367335
765      0.1852495491
766      0.1847637904
767      0.1842794518
768      0.1837965279
769      0.183315013
770      0.1828349017
771      0.1823561885
772      0.181878868
773      0.1814029347
774      0.1809283833
775      0.1804552085
776      0.1799834048
777      0.179512967
778      0.1790438899
779      0.1785761681
780      0.1781097965
781      0.1776447698
782      0.1771810829
783      0.1767187307
784      0.176257708
785      0.1757980098
786      0.1753396309
787      0.1748825665
788      0.1744268113
789      0.1739723606
790      0.1735192092
791      0.1730673523
792      0.172616785
793      0.1721675023
794      0.1717194995
795      0.1712727716
796      0.1708273139
797      0.1703831216
798      0.1699401899
799      0.1694985141
800      0.1690580894
801      0.1686189112
802      0.1681809749
803      0.1677442757
804      0.167308809
805      0.1668745702
806      0.1664415549
807      0.1660097583
808      0.165579176
809      0.1651498035
810      0.1647216363
811      0.1642946699
812      0.1638688999
813      0.1634443219
814      0.1630209314
815      0.1625987241
816      0.1621776956
817      0.1617578416
818      0.1613391578
819      0.1609216399
820      0.1605052836
821      0.1600900847
822      0.159676039
823      0.1592631421
824      0.1588513901
825      0.1584407786
826      0.1580313035
827      0.1576229607
828      0.1572157462
829      0.1568096557
830      0.1564046853
831      0.1560008309
832      0.1555980885
833      0.155196454
834      0.1547959235
835      0.1543964929
836      0.1539981585
837      0.1536009161
838      0.1532047619
839      0.152809692
840      0.1524157026
841      0.1520227897
842      0.1516309496
843      0.1512401783
844      0.1508504722
845      0.1504618273
846      0.15007424
847      0.1496877065
848      0.1493022231
849      0.148976781
850      0.1486533091
851      0.1483306684
852      0.148008856
853      0.1476878688
854      0.1473677041
855      0.147048359
856      0.1467298305
857      0.1464121158
858      0.146095212
859      0.1457791164
860      0.1454638261
861      0.1451493382
862      0.1448356501
863      0.1445227588
864      0.1442106617
865      0.143899356
866      0.1435888389
867      0.1432791077
868      0.1429701597
869      0.1426619921
870      0.1423546024
871      0.1420479877
872      0.1417421455
873      0.1414370731
874      0.1411327678
875      0.1408292269
876      0.140526448
877      0.1402244283
878      0.1399231653
879      0.1396226564
880      0.139322899
881      0.1390238905
882      0.1387256284
883      0.1384281102
884      0.1381313333
885      0.1378352953
886      0.1375399935
887      0.1372454256
888      0.136951589
889      0.1366584813
890      0.1363661
891      0.1360744426
892      0.1357835068
893      0.13549329
894      0.1352037899
895      0.1349150041
896      0.1346269302
897      0.1343395658
898      0.1340529085
899      0.133766956
900      0.1334817059
901      0.1331971558
902      0.1329133035
903      0.1326301466
904      0.1323476828
905      0.1320659098
906      0.1317848253
907      0.1315044271
908      0.1312247128
909      0.1309456803
910      0.1306673272
911      0.1303896513
912      0.1301126504
913      0.1298363223
914      0.1295606647
915      0.1292856755
916      0.1290113525
917      0.1287376934
918      0.1284646961
919      0.1281923585
920      0.1279206784
921      0.1276496537
922      0.1273792821
923      0.1271095617
924      0.1268404902
925      0.1265720656
926      0.1263042857
927      0.1260371486
928      0.125770652
929      0.125504794
930      0.1252395725
931      0.1249749853
932      0.1247110306
933      0.1244477061
934      0.12418501
935      0.1239229402
936      0.1236614946
937      0.1234006714
938      0.1231404684
939      0.1228808837
940      0.1226219154
941      0.1223635614
942      0.1221058198
943      0.1218486887
944      0.1215921661
945      0.1213362501
946      0.1210809387
947      0.12082623
948      0.1205721222
949      0.1203186133
950      0.1200657015
951      0.1198133847
952      0.1195616613
953      0.1193105292
954      0.1190599867
955      0.1188100319
956      0.1185606629
957      0.1183118779
958      0.1180636751
959      0.1178160526
960      0.1175690087
961      0.1173225415
962      0.1170766492
963      0.11683133
964      0.1165865822
965      0.1163424039
966      0.1160987935
967      0.115855749
968      0.1156132689
969      0.1153713512
970      0.1151299944
971      0.1148891966
972      0.1146489561
973      0.1144092713
974      0.1141701403
975      0.1139315615
976      0.1136935332
977      0.1134560537
978      0.1132191213
979      0.1129827344
980      0.1127468911
981      0.11251159
982      0.1122768294
983      0.1120426075
984      0.1118089227
985      0.1115757735
986      0.1113431581
987      0.111111075
988      0.1108795225
989      0.1106484991
990      0.110418003
991      0.1101880328
992      0.1099585868
993      0.1097296634
994      0.1095012611
995      0.1092733783
996      0.1090460134
997      0.1088191649
998      0.1085928312
999      0.1083670107
